0
0
0
0
0
0
0
0
0
0
0
0
0
0
0
0
0
0
0
0
0
0
0
0
0
0
0
0
0
0
0
0
0
0
0
0
0
0
0
0
0
0
0
0
0
0
0
0
0
0
0
0
0
0
0
0
0
0
0
0
0
0
0
0
0
0
0
0
0
0
0
0
0
0
0
0
0
0
0
0
0
0
0
0
0
0
0
0
0
0
0
0
0
0
0
0
0
0
0
0
0
0
0
0
0
0
0
0
0
0
0
0
0
0
0
0
0
0
0
0
0
0
0
0
0
0
0
0
0
0
0
0
0
0
0
0
0
0
0
0
0
0
0
0
0
0
0
0
0
0
0
0
0
0
0
0
0
0
0
0
0
0
0
0
0
0
0
0
0
0
0
0
0
0
0
0
0
0
0
0
0
0
0
0
0
0
0
0
0
0
0
0
0
0
0
0
0
0
0
0
0
0
0
0
0
0
0
0
0
0
0
0
0
0
0
0
0
0
0
0
0
0
0
0
0
0
0
-0.0238037109375000
-0.0721435546875000
-0.0643310546875000
0.00793457031250000
-0.0321044921875000
-0.0238037109375000
0.0955810546875000
0.140502929687500
0.0955810546875000
-0.0238037109375000
-0.0321044921875000
0.103393554687500
0.253784179687500
0.179565429687500
-0.124877929687500
-0.347534179687500
-0.331909179687500
-0.203002929687500
-0.0799560546875000
-0.111206054687500
-0.253784179687500
-0.140502929687500
0.179565429687500
0.394409179687500
0.210815429687500
-0.156127929687500
-0.363159179687500
-0.242065429687500
-0.0238037109375000
0.187377929687500
0.0799560546875000
-0.103393554687500
0.0555419921875000
0.316284179687500
0.378784179687500
0.119018554687500
-0.218627929687500
-0.378784179687500
-0.187377929687500
0.0321044921875000
0.285034179687500
0.0643310546875000
-0.103393554687500
0.0555419921875000
0.300659179687500
0.331909179687500
-0.0399169921875000
-0.331909179687500
-0.331909179687500
-0.148315429687500
0.148315429687500
0.363159179687500
0.0477294921875000
-0.0721435546875000
0.0477294921875000
0.285034179687500
0.203002929687500
-0.163940429687500
-0.363159179687500
-0.285034179687500
-0.0799560546875000
0.300659179687500
0.363159179687500
0.0238037109375000
-0.0877685546875000
0.00793457031250000
0.234252929687500
0.0643310546875000
-0.253784179687500
-0.378784179687500
-0.234252929687500
0.0238037109375000
0.410034179687500
0.285034179687500
0.00793457031250000
-0.148315429687500
-0.0238037109375000
0.156127929687500
-0.0555419921875000
-0.300659179687500
-0.363159179687500
-0.156127929687500
0.163940429687500
0.441284179687500
0.203002929687500
-0.0321044921875000
-0.242065429687500
-0.0399169921875000
0.0799560546875000
-0.111206054687500
-0.331909179687500
-0.316284179687500
-0.0555419921875000
0.300659179687500
0.425659179687500
0.132690429687500
-0.119018554687500
-0.316284179687500
-0.0321044921875000
0.0159912109375000
-0.119018554687500
-0.331909179687500
-0.253784179687500
0.0721435546875000
0.394409179687500
0.363159179687500
0.0721435546875000
-0.242065429687500
-0.331909179687500
-0.0321044921875000
0
-0.103393554687500
-0.331909179687500
-0.140502929687500
0.195190429687500
0.425659179687500
0.285034179687500
-0.0159912109375000
-0.347534179687500
-0.269409179687500
-0.0321044921875000
0.0477294921875000
-0.0721435546875000
-0.253784179687500
-0.0159912109375000
0.285034179687500
0.425659179687500
0.195190429687500
-0.119018554687500
-0.378784179687500
-0.195190429687500
-0.0238037109375000
0.132690429687500
-0.0643310546875000
-0.163940429687500
0.0799560546875000
0.347534179687500
0.394409179687500
0.0955810546875000
-0.242065429687500
-0.363159179687500
-0.140502929687500
0.0321044921875000
0.210815429687500
-0.0399169921875000
-0.0799560546875000
0.132690429687500
0.378784179687500
0.316284179687500
-0.0321044921875000
-0.331909179687500
-0.300659179687500
-0.103393554687500
0.148315429687500
0.285034179687500
-0.0321044921875000
-0.0321044921875000
0.148315429687500
0.378784179687500
0.210815429687500
-0.163940429687500
-0.363159179687500
-0.253784179687500
-0.0555419921875000
0.300659179687500
0.285034179687500
-0.0321044921875000
-0.0321044921875000
0.132690429687500
0.316284179687500
0.0721435546875000
-0.269409179687500
-0.363159179687500
-0.203002929687500
0.0555419921875000
0.410034179687500
0.242065429687500
-0.0399169921875000
-0.0799560546875000
0.103393554687500
0.210815429687500
-0.0643310546875000
-0.331909179687500
-0.331909179687500
-0.148315429687500
0.187377929687500
0.425659179687500
0.156127929687500
-0.0643310546875000
-0.156127929687500
0.0721435546875000
0.103393554687500
-0.148315429687500
-0.363159179687500
-0.300659179687500
-0.0555419921875000
0.316284179687500
0.378784179687500
0.0955810546875000
-0.140502929687500
-0.218627929687500
0.0477294921875000
0.00793457031250000
-0.187377929687500
-0.378784179687500
-0.234252929687500
0.0721435546875000
0.410034179687500
0.316284179687500
0.0321044921875000
-0.253784179687500
-0.253784179687500
0.0159912109375000
-0.0399169921875000
-0.203002929687500
-0.363159179687500
-0.140502929687500
0.195190429687500
0.425659179687500
0.226440429687500
-0.0555419921875000
-0.363159179687500
-0.218627929687500
-0.0159912109375000
-0.0238037109375000
-0.195190429687500
-0.300659179687500
-0.0159912109375000
0.300659179687500
0.410034179687500
0.156127929687500
-0.163940429687500
-0.394409179687500
-0.163940429687500
-0.0159912109375000
0.0321044921875000
-0.187377929687500
-0.203002929687500
0.0955810546875000
0.378784179687500
0.363159179687500
0.0643310546875000
-0.285034179687500
-0.363159179687500
-0.119018554687500
0.0238037109375000
0.111206054687500
-0.156127929687500
-0.0877685546875000
0.163940429687500
0.410034179687500
0.285034179687500
-0.0555419921875000
-0.363159179687500
-0.285034179687500
-0.0877685546875000
0.132690429687500
0.156127929687500
-0.119018554687500
-0.0159912109375000
0.203002929687500
0.410034179687500
0.179565429687500
-0.187377929687500
-0.378784179687500
-0.218627929687500
-0.0321044921875000
0.269409179687500
0.163940429687500
-0.0799560546875000
0.0159912109375000
0.234252929687500
0.363159179687500
0.0477294921875000
-0.285034179687500
-0.347534179687500
-0.187377929687500
0.0721435546875000
0.378784179687500
0.148315429687500
-0.0643310546875000
0
0.210815429687500
0.253784179687500
-0.0799560546875000
-0.331909179687500
-0.300659179687500
-0.124877929687500
0.210815429687500
0.410034179687500
0.103393554687500
-0.0799560546875000
-0.0555419921875000
0.179565429687500
0.119018554687500
-0.171752929687500
-0.363159179687500
-0.269409179687500
-0.0321044921875000
0.347534179687500
0.363159179687500
0.0555419921875000
-0.124877929687500
-0.111206054687500
0.132690429687500
0.00793457031250000
-0.234252929687500
-0.378784179687500
-0.203002929687500
0.0799560546875000
0.425659179687500
0.285034179687500
0.00793457031250000
-0.218627929687500
-0.140502929687500
0.0721435546875000
-0.0643310546875000
-0.253784179687500
-0.363159179687500
-0.111206054687500
0.210815429687500
0.425659179687500
0.195190429687500
-0.0721435546875000
-0.316284179687500
-0.124877929687500
0.0238037109375000
-0.0721435546875000
-0.285034179687500
-0.300659179687500
0.00793457031250000
0.331909179687500
0.394409179687500
0.132690429687500
-0.171752929687500
-0.363159179687500
-0.103393554687500
0.00793457031250000
-0.0399169921875000
-0.269409179687500
-0.203002929687500
0.132690429687500
0.410034179687500
0.331909179687500
0.0477294921875000
-0.285034179687500
-0.331909179687500
-0.0799560546875000
0.0321044921875000
0.00793457031250000
-0.234252929687500
-0.0799560546875000
0.210815429687500
0.425659179687500
0.269409179687500
-0.0643310546875000
-0.363159179687500
-0.253784179687500
-0.0643310546875000
0.111206054687500
0.0477294921875000
-0.171752929687500
0.0159912109375000
0.269409179687500
0.425659179687500
0.156127929687500
-0.187377929687500
-0.378784179687500
-0.195190429687500
-0.0159912109375000
0.226440429687500
0.0555419921875000
-0.103393554687500
0.0643310546875000
0.316284179687500
0.378784179687500
0.0321044921875000
-0.285034179687500
-0.331909179687500
-0.148315429687500
0.0799560546875000
0.316284179687500
0.0477294921875000
-0.0643310546875000
0.0721435546875000
0.316284179687500
0.285034179687500
-0.103393554687500
-0.347534179687500
-0.285034179687500
-0.111206054687500
0.234252929687500
0.363159179687500
0.0321044921875000
-0.0643310546875000
0.0555419921875000
0.269409179687500
0.140502929687500
-0.210815429687500
-0.363159179687500
-0.253784179687500
-0.0159912109375000
0.363159179687500
0.316284179687500
0.00793457031250000
-0.103393554687500
0.0159912109375000
0.195190429687500
0.00793457031250000
-0.285034179687500
-0.363159179687500
-0.195190429687500
0.111206054687500
0.425659179687500
0.242065429687500
-0.0238037109375000
-0.171752929687500
-0.0238037109375000
0.111206054687500
-0.0877685546875000
-0.316284179687500
-0.331909179687500
-0.111206054687500
0.234252929687500
0.425659179687500
0.156127929687500
-0.0877685546875000
-0.253784179687500
-0.0321044921875000
0.0321044921875000
-0.124877929687500
-0.331909179687500
-0.285034179687500
0.00793457031250000
0.347534179687500
0.378784179687500
0.0955810546875000
-0.195190429687500
-0.316284179687500
-0.0321044921875000
-0.0159912109375000
-0.124877929687500
-0.331909179687500
-0.195190429687500
0.140502929687500
0.410034179687500
0.300659179687500
0.0159912109375000
-0.300659179687500
-0.300659179687500
-0.0399169921875000
0
-0.111206054687500
-0.300659179687500
-0.0799560546875000
0.242065429687500
0.425659179687500
0.226440429687500
-0.0877685546875000
-0.378784179687500
-0.234252929687500
-0.0399169921875000
0.0643310546875000
-0.0877685546875000
-0.218627929687500
0.0321044921875000
0.316284179687500
0.410034179687500
0.132690429687500
-0.203002929687500
-0.378784179687500
-0.163940429687500
0
0.148315429687500
-0.0721435546875000
-0.124877929687500
0.103393554687500
0.363159179687500
0.363159179687500
0.0159912109375000
-0.300659179687500
-0.331909179687500
-0.124877929687500
0.0799560546875000
0.226440429687500
-0.0643310546875000
-0.0555419921875000
0.140502929687500
0.378784179687500
0.269409179687500
-0.119018554687500
-0.363159179687500
-0.269409179687500
-0.0799560546875000
0.210815429687500
0.269409179687500
-0.0399169921875000
-0.0238037109375000
0.148315429687500
0.363159179687500
0.132690429687500
-0.234252929687500
-0.363159179687500
-0.218627929687500
0.00793457031250000
0.363159179687500
0.242065429687500
-0.0399169921875000
-0.0399169921875000
0.132690429687500
0.269409179687500
0
-0.300659179687500
-0.347534179687500
-0.171752929687500
0.132690429687500
0.425659179687500
0.187377929687500
-0.0555419921875000
-0.103393554687500
0.103393554687500
0.148315429687500
-0.119018554687500
-0.347534179687500
-0.300659179687500
-0.0877685546875000
0.269409179687500
0.410034179687500
0.119018554687500
-0.103393554687500
-0.171752929687500
0.0721435546875000
0.0555419921875000
-0.171752929687500
-0.363159179687500
-0.253784179687500
0.0159912109375000
0.378784179687500
0.347534179687500
0.0643310546875000
-0.187377929687500
-0.218627929687500
0.0477294921875000
-0.0238037109375000
-0.195190429687500
-0.363159179687500
-0.171752929687500
0.148315429687500
0.425659179687500
0.269409179687500
0
-0.300659179687500
-0.218627929687500
0.0159912109375000
-0.0321044921875000
-0.203002929687500
-0.331909179687500
-0.0643310546875000
0.269409179687500
0.425659179687500
0.195190429687500
-0.111206054687500
-0.378784179687500
-0.171752929687500
0
0.00793457031250000
-0.195190429687500
-0.242065429687500
0.0555419921875000
0.363159179687500
0.378784179687500
0.111206054687500
-0.218627929687500
-0.378784179687500
-0.124877929687500
0.00793457031250000
0.0721435546875000
-0.171752929687500
-0.124877929687500
0.148315429687500
0.410034179687500
0.331909179687500
0.00793457031250000
-0.316284179687500
-0.316284179687500
-0.103393554687500
0.0799560546875000
0.132690429687500
-0.148315429687500
-0.0321044921875000
0.203002929687500
0.425659179687500
0.234252929687500
-0.119018554687500
-0.363159179687500
-0.242065429687500
-0.0643310546875000
0.195190429687500
0.148315429687500
-0.103393554687500
0.0159912109375000
0.234252929687500
0.410034179687500
0.111206054687500
-0.242065429687500
-0.363159179687500
-0.195190429687500
0.0238037109375000
0.316284179687500
0.140502929687500
-0.0643310546875000
0.0159912109375000
0.242065429687500
0.316284179687500
-0.0321044921875000
-0.316284179687500
-0.331909179687500
-0.156127929687500
0.148315429687500
0.410034179687500
0.111206054687500
-0.0721435546875000
-0.0159912109375000
0.203002929687500
0.187377929687500
-0.148315429687500
-0.363159179687500
-0.285034179687500
-0.0799560546875000
0.285034179687500
0.378784179687500
0.0643310546875000
-0.103393554687500
-0.0721435546875000
0.156127929687500
0.0555419921875000
-0.218627929687500
-0.378784179687500
-0.242065429687500
0.0238037109375000
0.394409179687500
0.316284179687500
0.0238037109375000
-0.171752929687500
-0.111206054687500
0.103393554687500
-0.0321044921875000
-0.253784179687500
-0.363159179687500
-0.156127929687500
0.156127929687500
0.425659179687500
0.226440429687500
-0.0321044921875000
-0.269409179687500
-0.124877929687500
0.0477294921875000
-0.0799560546875000
-0.285034179687500
-0.331909179687500
-0.0555419921875000
0.285034179687500
0.410034179687500
0.148315429687500
-0.124877929687500
-0.347534179687500
-0.111206054687500
0.00793457031250000
-0.0721435546875000
-0.285034179687500
-0.253784179687500
0.0721435546875000
0.378784179687500
0.363159179687500
0.0799560546875000
-0.253784179687500
-0.363159179687500
-0.0799560546875000
0.00793457031250000
-0.0321044921875000
-0.253784179687500
-0.140502929687500
0.179565429687500
0.425659179687500
0.285034179687500
-0.0159912109375000
-0.331909179687500
-0.285034179687500
-0.0721435546875000
0.0643310546875000
0.00793457031250000
-0.210815429687500
-0.0238037109375000
0.253784179687500
0.425659179687500
0.203002929687500
-0.140502929687500
-0.378784179687500
-0.218627929687500
-0.0399169921875000
0.156127929687500
0.0238037109375000
-0.140502929687500
0.0555419921875000
0.300659179687500
0.410034179687500
0.0799560546875000
-0.253784179687500
-0.363159179687500
-0.163940429687500
0.0321044921875000
0.269409179687500
0.0321044921875000
-0.0799560546875000
0.0799560546875000
0.331909179687500
0.331909179687500
-0.0555419921875000
-0.331909179687500
-0.300659179687500
-0.124877929687500
0.156127929687500
0.331909179687500
0.0238037109375000
-0.0555419921875000
0.0721435546875000
0.316284179687500
0.195190429687500
-0.163940429687500
-0.363159179687500
-0.269409179687500
-0.0643310546875000
0.316284179687500
0.331909179687500
0.00793457031250000
-0.0721435546875000
0.0477294921875000
0.242065429687500
0.0643310546875000
-0.253784179687500
-0.363159179687500
-0.218627929687500
0.0555419921875000
0.410034179687500
0.269409179687500
-0.0159912109375000
-0.124877929687500
0.00793457031250000
0.156127929687500
-0.0555419921875000
-0.300659179687500
-0.347534179687500
-0.148315429687500
0.187377929687500
0.425659179687500
0.187377929687500
-0.0643310546875000
-0.210815429687500
-0.0159912109375000
0.0721435546875000
-0.119018554687500
-0.331909179687500
-0.300659179687500
-0.0399169921875000
0.316284179687500
0.410034179687500
0.111206054687500
-0.140502929687500
-0.285034179687500
-0.0238037109375000
0.00793457031250000
-0.140502929687500
-0.347534179687500
-0.234252929687500
0.0799560546875000
0.394409179687500
0.331909179687500
0.0555419921875000
-0.253784179687500
-0.300659179687500
-0.0238037109375000
-0.0159912109375000
-0.124877929687500
-0.331909179687500
-0.124877929687500
0.203002929687500
0.425659179687500
0.269409179687500
-0.0399169921875000
-0.363159179687500
-0.253784179687500
-0.0321044921875000
0.0238037109375000
-0.111206054687500
-0.253784179687500
0
0.285034179687500
0.425659179687500
0.234252929687500
0.0643310546875000
-0.171752929687500
-0.203002929687500
-0.253784179687500
-0.242065429687500
-0.210815429687500
-0.163940429687500
-0.103393554687500
-0.0643310546875000
0.0159912109375000
0.0477294921875000
0.0955810546875000
0.103393554687500
0.132690429687500
0.111206054687500
0.119018554687500
0.103393554687500
0.0955810546875000
0.0721435546875000
0.0555419921875000
0.0321044921875000
0.0159912109375000
0.00793457031250000
0
-0.0159912109375000
-0.0238037109375000
-0.0238037109375000
-0.0321044921875000
-0.0321044921875000
-0.0321044921875000
-0.0238037109375000
-0.0238037109375000
-0.0159912109375000
-0.0159912109375000
-0.0159912109375000
0
0
0
0.00793457031250000
0.00793457031250000
0.00793457031250000
0.0159912109375000
0.0159912109375000
0.0159912109375000
0.0159912109375000
0.0159912109375000
0.0159912109375000
0.0159912109375000
0.0159912109375000
0.0159912109375000
0.0159912109375000
0.0159912109375000
0.0159912109375000
0.0159912109375000
0.0159912109375000
0.0159912109375000
0.0159912109375000
0.0159912109375000
0.0159912109375000
0.0159912109375000
0.0159912109375000
0.0159912109375000
0.0159912109375000
0.0159912109375000
0.0159912109375000
0.0159912109375000
0.0159912109375000
0.0159912109375000
0.0159912109375000
0.0159912109375000
0.0159912109375000
0.0159912109375000
0.0159912109375000
0.0159912109375000
0.00793457031250000
0.00793457031250000
0.00793457031250000
0.00793457031250000
0.00793457031250000
0.00793457031250000
0.00793457031250000
0.00793457031250000
0.00793457031250000
0.00793457031250000
0.00793457031250000
0.00793457031250000
0.00793457031250000
0.00793457031250000
0.00793457031250000
0.00793457031250000
0.00793457031250000
0.00793457031250000
0.00793457031250000
0.00793457031250000
0
0
0
0
0
0
0
0
0
0
0
0
0
0
0
0
0
0
0
0
0
0
0
0
0
-0.0159912109375000
-0.0159912109375000
-0.0159912109375000
-0.0159912109375000
-0.0159912109375000
-0.0159912109375000
-0.0159912109375000
-0.0159912109375000
-0.0159912109375000
-0.0159912109375000
-0.0159912109375000
-0.0159912109375000
-0.0159912109375000
-0.0159912109375000
-0.0159912109375000
-0.0159912109375000
-0.0159912109375000
-0.0159912109375000
-0.0159912109375000
-0.0159912109375000
-0.0159912109375000
-0.0159912109375000
-0.0159912109375000
-0.0159912109375000
-0.0159912109375000
-0.0159912109375000
-0.0159912109375000
-0.0159912109375000
-0.0159912109375000
-0.0159912109375000
-0.0159912109375000
-0.0159912109375000
-0.0159912109375000
-0.0159912109375000
-0.0159912109375000
-0.0159912109375000
-0.0159912109375000
-0.0159912109375000
-0.0159912109375000
-0.0159912109375000
-0.0159912109375000
-0.0159912109375000
-0.0159912109375000
-0.0159912109375000
-0.0159912109375000
-0.0159912109375000
-0.0159912109375000
-0.0159912109375000
-0.0159912109375000
-0.0159912109375000
-0.0159912109375000
0
0
0
0
0
0
0
0
0
0
0
0
0
0
0
0
0
0
0
0
0
0
0
0
0
0
0
0
0
0
0
0
0
0
0
0
0
0.00793457031250000
0.00793457031250000
0.00793457031250000
0.00793457031250000
0.00793457031250000
0.00793457031250000
0.00793457031250000
0.00793457031250000
0.00793457031250000
0.00793457031250000
0.00793457031250000
0.00793457031250000
0.00793457031250000
0.00793457031250000
0.00793457031250000
0.00793457031250000
0.00793457031250000
0.00793457031250000
0
0
0
0
0
0
0
0
0
0
0
0
0
0
0
0
0
0
0
0
0
0
0
0
0
0
0
0
0
0
0
0
0
0
0
0
0
0
0
0
0
0
0
0
0
0
0
0
0
0
0
0
0
0
0
0
0
0
0
0
0
0
0
0
0
0
0
0
0
0
0
0
0
0
0
0
0
0
0
0
0
0
0
0
0
0
0
0
0
0
0
0
0
0
0
0
0
0
0
0
0
0
0
0
0
0
0
0
0
0
0
0
0
0
0
0
0
0
0
0
0
0
0
0
0
0
0
0
0
0
0
0
0
0
0
0
0
0
0
0
0
0
0
0
0
0
0
0
0
0
0
0
0
0
0
0
0
0
0
0
0
0
0
0
0
0
0
0
0
0
0
0
0
0
0
0
0
0
0
0
0
0
0
0
0
0
0
0
0